100
1 5 45
2 5 46
3 25 654321
4 25 654320
5 1 1
6 2 2
7 3 3
8 4 4
9 5 5
10 6 6
11 7 70
12 8 80
13 9 90
14 10 100
15 11 1100
16 12 1200
17 13 1300
18 14 1400
19 15 1500
20 16 1600
21 17 1700
22 18 1800
23 19 1900
24 20 2000
25 21 2100
26 22 2200
27 23 2300
28 24 2400
29 25 2500
30 5 45
31 5 46
32 25 654321
33 25 654320
34 21 10
35 21 100
36 21 1000
37 21 10000
38 21 100000
39 21 1000000
40 21 6000000
41 21 6200000
42 21 6200001
43 3 11
44 3 14
45 4 26
46 4 26
47 5 68
48 5 54
49 6 120
50 6 112
51 7 282
52 7 278
53 8 536
54 8 544
55 9 851
56 9 1141
57 10 1798
58 10 1701
59 11 3641
60 11 4435
61 12 8327
62 12 9186
63 13 14284
64 13 17925
65 14 31069
66 14 36039
67 15 58331
68 15 73096
69 16 105208
70 16 101807
71 17 210209
72 17 228856
73 18 420894
74 18 423191
75 19 792477
76 19 790696
77 20 1603812
78 20 1582728
79 21 3148100
80 21 3146246
81 22 6310154
82 22 6316945
83 23 12614391
84 23 12590789
85 24 25188492
86 24 25186830
87 25 50359730
88 25 50351163
89 1 1
90 1 2
91 1 3
92 2 1
93 2 2
94 2 3
95 2 4
96 2 5
97 2 6
98 2 7
99 2 8
100 2 9