100
1 4 1 0 0
2 4 1 0 1
3 4 1 2.5 0
4 4 1 2.5 1
5 11.81 1.25 3.44 0.00
6 5.01 1.25 1.41 0.00
7 11.78 0.52 2.71 0.00
8 11.44 0.47 0.00 0.68
9 4.72 0.45 0.00 1.75
10 3.72 0.29 2.33 0.00
11 8.10 1.02 0.00 0.43
12 10.80 2.04 7.19 0.00
13 6.19 0.62 3.29 0.00
14 3.95 0.16 3.40 1.11
15 7.31 0.87 4.53 0.00
16 4.41 2.05 1.70 0.00
17 7.51 1.79 0.00 0.49
18 6.71 2.03 1.44 0.00
19 4.24 0.15 1.21 0.00
20 6.48 0.16 5.63 0.00
21 3.43 1.54 0.00 0.65
22 6.28 1.27 0.00 1.65
23 3.41 0.61 0.91 1.89
24 4.09 1.08 0.00 0.01
25 4.40 1.40 0.00 0.70
26 4.75 1.11 0.00 1.35
27 5.61 0.12 1.16 0.00
28 5.63 1.95 0.00 0.44
29 11.06 0.60 3.72 0.72
30 6.05 2.05 3.85 0.00
31 6.63 0.74 3.61 0.62
32 3.01 2.08 0.22 1.70
33 5.26 2.04 0.00 1.94
34 8.45 1.89 0.00 1.98
35 6.54 0.30 0.56 1.28
36 6.68 0.19 5.01 0.08
37 4.84 0.67 3.39 1.44
38 3.65 1.42 1.81 1.00
39 3.19 1.07 1.86 0.91
40 7.97 1.05 3.07 1.75
41 6.99 1.67 0.05 0.00
42 6.93 0.97 3.51 0.00
43 7.08 0.61 1.57 0.00
44 5.36 0.53 3.10 0.00
45 9.83 0.47 8.55 0.00
46 9.20 0.19 4.34 1.63
47 8.15 0.72 0.00 0.99
48 7.16 1.64 0.00 1.72
49 11.13 0.86 5.12 1.19
50 7.29 1.40 0.35 0.00
51 5.29 0.49 0.44 1.60
52 3.19 1.71 0.00 1.02
53 10.04 1.09 2.59 1.06
54 6.61 1.39 0.00 1.89
55 6.07 1.35 2.74 0.97
56 6.72 1.48 0.00 1.52
57 8.06 1.04 6.37 0.00
58 9.50 1.15 0.00 0.70
59 8.80 1.62 3.94 0.00
60 6.19 1.06 0.72 0.00
61 10.89 1.51 0.76 0.00
62 5.67 0.10 0.20 1.86
63 12.28 1.35 4.51 0.44
64 8.57 0.13 0.00 0.33
65 9.36 1.89 6.07 0.00
66 8.97 0.33 0.00 0.58
67 9.55 0.72 2.93 0.46
68 8.52 2.04 1.76 0.25
69 10.05 1.94 1.10 1.82
70 6.15 0.22 0.63 1.14
71 7.03 0.60 3.70 0.00
72 7.39 0.76 0.00 1.61
73 6.10 1.21 3.72 0.07
74 4.51 1.94 0.00 1.65
75 9.18 1.20 4.55 0.73
76 9.49 1.74 7.07 1.58
77 7.60 1.64 3.61 0.72
78 7.06 0.45 0.40 0.00
79 10.48 0.54 3.88 0.00
80 12.24 0.26 0.00 1.31
81 2.70 0.44 1.54 0.33
82 12.03 0.60 4.37 1.02
83 7.05 0.68 0.00 1.77
84 12.07 0.56 0.31 0.54
85 3.63 1.32 0.67 0.00
86 4.90 0.45 4.29 0.00
87 10.95 0.60 0.00 1.85
88 3.77 0.13 3.13 0.00
89 9.40 0.16 4.32 0.59
90 9.07 1.93 0.00 0.47
91 11.39 0.74 0.00 1.30
92 5.50 1.30 0.00 0.15
93 12.29 2.01 2.58 0.15
94 6.56 0.11 0.00 0.02
95 3.12 1.20 0.74 0.00
96 4.53 1.97 0.00 1.71
97 9.26 1.08 0.00 1.92
98 4.33 0.95 0.00 0.81
99 2.87 1.75 0.00 0.80
100 11.81 1.29 0.00 1.35
